tree
version=v4
num_class=1
num_tree_per_iteration=1
label_index=0
max_feature_idx=42
objective=lambdarank
feature_names=candidate_overall_score target_overall_score diff_overall_score abs_diff_overall_score candidate_predicted_next_overall_score target_predicted_next_overall_score diff_predicted_next_overall_score abs_diff_predicted_next_overall_score candidate_g_ratio target_g_ratio diff_g_ratio abs_diff_g_ratio candidate_age target_age diff_age abs_diff_age candidate_exp target_exp diff_exp abs_diff_exp candidate_off_score target_off_score diff_off_score abs_diff_off_score candidate_ops_z target_ops_z diff_ops_z abs_diff_ops_z candidate_pit_score target_pit_score diff_pit_score abs_diff_pit_score candidate_era_z target_era_z diff_era_z abs_diff_era_z candidate_whip_z target_whip_z diff_whip_z abs_diff_whip_z candidate_team_player_rank candidate_cost_efficiency candidate_retrieval_similarity
feature_infos=[0:100] [14.64928947571677:100] [-79.237001762413939:64.506836911891611] [0.00037866214280768418:79.237001762413939] [11.17238712310791:96.144058227539062] [25.398351669311523:96.144058227539062] [-57.161472320556641:46.54510498046875] [1.52587890625e-05:57.161472320556641] [0.10000000000000001:1] [0.0061728395061728392:1] [-0.88888888888888884:0.94444444444444442] [0:0.94444444444444442] [20:47] [20:42] [-21:23] [0:23] [0:20] [0:16] [-16:18] [0:18] [0:100] [0:100] [-79.237001762413939:73.004065646379402] [0:79.237001762413939] [-4.1222306830174258:5.6085634999066514] [-4.1222306830174258:5.6085634999066514] [-6.0620661994548213:5.0567181831703376] [0:6.0620661994548213] [0:100] [0:100] [-64.079353720571262:52.000543267094855] [0:64.079353720571262] [-2.8835488298411653:4.0639203596109281] [-2.8835488298411653:3.2103520510729697] [-4.7600471247840392:5.9202757998503683] [0:5.9202757998503683] [-3.6602233013546752:3.1367772382061871] [-3.7568378745340998:2.5761196743551342] [-3.9686456357423943:5.0550669125334107] [0:5.0550669125334107] [1:61] [0:0.75] [0.018144443039368633:0.99999958276748657]
tree_sizes=3462 3440 3426 3434 3441 3451 3463 3453 3453

Tree=0
num_leaves=31
num_cat=0
split_feature=7 7 29 5 4 4 0 9 5 20 24 22 5 4 12 6 25 8 3 8 42 2 13 25 16 28 32 2 35 6
split_gain=164.158 32.2695 38.7238 31.8012 17.5381 11.8353 7.47714 7.3047 6.84141 5.7702 6.0952 5.62782 5.40017 4.67421 5.58316 4.84847 5.31266 4.02054 4.07609 3.99458 3.94029 3.86932 4.25538 3.83903 3.82464 3.79251 5.05522 4.66032 4.83852 3.77626
threshold=22.493183135986332 12.360509872436525 1.0000000180025095e-35 69.814319610595717 72.781021118164077 40.861083984375007 34.819383717637649 0.97839506172839519 84.311729431152358 50.926632005287189 -2.9500735483282345 -36.171946205935633 77.656093597412124 52.245418548583991 23.500000000000004 -0.51124000549316395 2.5871131329291663 0.9472222222222223 14.570458836858103 0.20679012345679013 0.82092267274856578 -0.73620976138873562 28.500000000000004 3.7678587587954029 11.500000000000002 64.615031232256101 -0.70096608693147033 5.1580407597455791 0.48763884727223922 -1.4547595977783201
decision_type=2 2 2 2 2 2 2 2 2 2 2 2 2 2 2 2 2 2 2 2 2 2 2 2 2 2 2 2 2 2
left_child=1 2 3 13 19 11 -7 -8 9 10 -3 -2 -6 14 20 -15 17 -17 21 25 -1 22 -19 -12 -21 26 27 28 -4 -22
right_child=5 8 4 -5 12 6 7 -9 -10 -11 23 -13 -14 15 -16 16 -18 18 -20 24 29 -23 -24 -25 -26 -27 -28 -29 -30 -31
leaf_value=0.019098445707233017 -0.071134290668905503 0.073719310995921217 -0.070569500539240756 0.04932258054054179 0.016673888754152082 0.028424375600654958 -0.044822294325909902 -0.015380446700010323 0.033042808038100328 -0.0030654662193594626 -0.017010966928682557 -0.043598883774705277 0.045382180650196752 0.025469176382053278 0.0094819493333379874 -0.0014322697671082581 0.040642548012215188 0.03716263136343833 -0.019199960902946678 -0.0023487623007949778 -0.070067811255511814 0.039407276376547472 -0.011897736756628533 0.033966437525530427 0.017783740674646897 0.0092119886958962859 0.002893610746094212 -0.0033765108547103139 -0.009603529000583472 0.015280930810125116
leaf_weight=2.9220409169793111 45.166025745449588 1.8066718189511437 6.621455123240592 72.643718157196417 64.566964585625101 4.5091825211420646 77.655953672365285 29.091660512378439 9.3473693812265974 168.45399887370877 214.28819254779955 32.718410246772692 21.963172483723611 113.86901902570389 167.9182165072998 59.054697189480066 13.262951312121002 7.2471531969495144 6.1321545760147265 694.4667371014948 5.2346638510935009 20.313626419985667 11.009194208076222 3.668334422633051 24.320482693845406 212.7417787136219 251.25965503422776 22.338836218114011 6.3798957424005494 1.6702383412048218
leaf_count=73 1557 19 212 1091 1926 107 2749 802 217 4447 7544 1069 511 2784 4508 1510 266 183 178 22744 108 389 291 73 651 7710 8129 679 207 48
internal_value=2.20688e-10 0.00387158 0.00673945 0.0188599 0.0022672 -0.044673 -0.034153 -0.0368205 -0.00900992 -0.0100307 -0.0153659 -0.0596377 0.0240046 0.0134338 0.00733289 0.0181252 0.0109634 0.00713413 0.0184289 0.000721231 -0.0291148 0.0244456 0.00767393 -0.0161378 -0.00166519 0.00415606 0.00040116 -0.0172777 -0.0409545 -0.0494992
internal_weight=2372.64 2183.5 1785.94 481.278 1304.66 189.141 111.257 106.748 397.565 388.217 219.763 77.8844 86.5301 408.634 177.745 230.889 117.02 103.757 44.7021 1218.13 9.82694 38.57 18.2563 217.957 718.787 499.342 286.6 35.3402 13.0014 6.9049
internal_count=72782 66498 54198 11429 42769 6284 3658 3551 12300 12083 7636 2626 2437 10338 4737 5601 2817 2551 1041 40332 229 863 474 7617 23395 16937 9227 1098 419 156
is_linear=0
shrinkage=0.05


Tree=1
num_leaves=31
num_cat=0
split_feature=7 20 4 4 7 4 6 3 9 35 31 9 23 20 9 7 24 27 14 27 6 24 18 42 21 42 18 40 39 25
split_gain=264.058 47.2785 37.8708 21.7457 19.5268 15.4247 15.4094 13.9652 14.5074 13.6024 15.5258 13.4245 13.3319 13.245 12.7587 11.2549 11.0072 10.6777 10.0239 10.0004 10.8186 16.0301 10.2264 13.9747 9.71812 10.0197 9.53552 9.53344 9.143 8.47713
threshold=17.674957275390629 62.608266580693304 39.047193527221687 67.426879882812514 12.017807006835939 79.550457000732436 9.7852954864501971 3.3575706436447423 0.76234567901234584 0.90895462160175422 1.8940263217419615 0.91512345679012352 24.02609294878177 22.365852472052911 0.41666666666666669 23.678445816040043 0.87378715119922268 0.30607230532554125 1.5000000000000002 0.5216741230583205 -2.2064094543457027 2.2625178092508338 -4.4999999999999991 0.98098605119755933 64.774870586426161 0.98651927110583182 3.5000000000000004 39.500000000000007 2.179242278256011 1.7652055859487892
decision_type=2 2 2 2 2 2 2 2 2 2 2 2 2 2 2 2 2 2 2 2 2 2 2 2 2 2 2 2 2 2
left_child=1 4 12 7 5 11 19 8 -3 10 -7 28 -2 14 -12 24 -9 -8 -19 20 -5 26 -23 -24 -4 -26 -22 -17 -1 -10
right_child=2 3 15 6 -6 9 17 16 29 -11 13 -13 -14 -15 -16 27 -18 18 -20 -21 21 22 23 -25 25 -27 -28 -29 -30 -31
leaf_value=0.00046755778388613808 -0.01686515441471495 -0.01919855976697514 -0.033571462856014013 0.040481591704156744 -0.010360363723194457 0.068445451099705526 0.032755185935926426 0.036097091366144529 0.011726421941164354 0.062857939666052812 -0.052533889243629429 0.010706415806669291 -0.063153067276316407 0.025655391555654106 0.045781119485599341 -0.037552013037251669 0.0020321984995529114 -0.0023080336801051863 -0.066623184456684859 0.036600571371571661 0.052677375817952801 0.050724353095146016 0.048753406542305637 -0.035191173738140159 -0.015535247120230826 0.035726467944191424 -0.026398607154198919 0.044863123093301274 0.019216777920862942 0.034336429721774184
leaf_weight=3987.5170047628926 18.191861802712083 21.281795310787857 80.531546745682135 31.621818244457245 345.63637910434045 9.7634347528219205 15.082875265739856 24.857933503575623 73.364978203549981 17.898473093286157 15.179478306323292 371.2085148380138 110.98170477338135 21.283745124936104 4.1254669949412337 164.67229291424155 476.09234239067882 24.983805425465107 7.9008418247103682 160.65329814329743 19.66085911355913 5.3845934886485329 5.7679491229355326 32.164167309179902 167.60150509607047 10.013808026909826 4.6580990590155116 3.5049882400780907 66.000339367892593 95.669371617026627
leaf_count=44689 290 163 2026 104 6769 38 105 198 547 59 97 2814 2581 123 17 3314 3752 254 116 569 91 19 19 144 2538 97 26 14 672 537
internal_value=7.66168e-11 0.00313477 -0.0329381 0.0130362 0.00108994 0.00197101 0.0240874 0.00811145 0.0196378 0.0255421 0.0121793 0.00160686 -0.0566523 -0.00149023 -0.0313963 -0.0257412 0.00372942 -0.00194763 -0.0179155 0.0288912 0.0163889 0.00508173 -0.0131546 -0.022332 -0.0191711 -0.0126267 0.0374849 -0.0358088 0.000773304 0.0245359
internal_weight=6393.26 5837.76 555.498 999.145 4838.61 4492.98 307.878 691.266 190.316 68.2506 50.3521 4424.73 129.174 40.5887 19.3049 426.324 500.95 47.9675 32.8846 259.911 99.2575 67.6357 43.3167 37.9321 258.147 177.615 24.319 168.177 4053.52 169.034
internal_count=72782 61922 10860 6644 55278 48509 1447 5197 1247 334 275 48175 2871 237 114 7989 3950 475 370 972 403 299 182 163 4661 2635 117 3328 45361 1084
is_linear=0
shrinkage=0.05


Tree=2
num_leaves=31
num_cat=0
split_feature=6 20 4 7 4 7 24 4 3 4 22 27 39 20 38 24 9 4 1 8 2 22 16 4 27 42 23 6 5 7
split_gain=239.753 50.0592 25.0225 23.9067 26.481 23.0723 15.558 17.577 14.0716 19.8421 13.5593 13.7825 12.6016 20.7317 12.1194 11.3401 10.6525 15.7781 10.5209 11.8631 10.4715 10.3999 10.297 9.75531 10.375 9.71984 9.50972 9.47199 9.22636 9.0892
threshold=-17.662433624267575 71.770848433652034 39.047193527221687 12.017807006835939 79.550457000732436 10.132064819335939 0.37552415486295532 62.688035964965827 3.3575706436447423 71.440460205078139 24.247029954117966 1.2315192427767458 1.144074638858924 28.55254009670114 -1.2540680937756707 0.073712268389546823 0.75000000000000011 56.567817687988288 82.146577209920494 0.38611111111111118 11.94342652792619 -13.921249134859915 8.5000000000000018 49.788459777832038 0.036428587243075634 0.98588803410530101 0.47266497988728601 1.5251274108886721 61.725769042968757 9.5214500427246112
decision_type=2 2 2 2 2 2 2 2 2 2 2 2 2 2 2 2 2 2 2 2 2 2 2 2 2 2 2 2 2 2
left_child=2 3 21 4 6 8 14 10 23 -10 11 26 13 20 18 -15 -4 -18 22 -20 -6 -1 29 -3 -25 -7 -8 -21 -5 -2
right_child=1 5 16 28 12 25 7 -9 9 -11 -12 -13 -14 15 -16 -17 17 -19 19 27 -22 -23 -24 24 -26 -27 -28 -29 -30 -31
leaf_value=-0.059492038908394787 0.0040512215413734355 -0.031996086272998235 -0.04310526402930142 -0.0233987119069307 0.053748992125247821 -0.012021242097828313 -0.024008584840800481 0.020210329516101491 0.0046508578185146185 0.032973301530078582 -0.04428845461809356 0.016489915360814872 0.065792509049465153 0.020533665712650407 -0.00054999279977403347 -0.052176239184020694 -0.027153247050600161 0.012878896915508645 0.070742022382321343 0.037642156653718742 -0.010925280613175046 0.015321902986162473 0.029958181971685843 -0.015536757733668697 0.039063874059631985 0.018388176992226741 0.0028299115746970673 -0.08212228808470122 -0.0059146667447541219 -0.059213201636657144
leaf_weight=97.963478547986597 114.06502460176125 5.3784388229250899 89.600748664001003 106.4550454786513 31.643009501043707 81.496685015968978 34.54026401322335 202.08713142573833 164.42907517030835 99.05418826919049 14.238295452669261 195.85551866982132 19.333496881648898 9.5808904021978396 3363.7406246386236 11.959090858697889 255.42258530156687 27.178931748494506 14.617579756304623 4.1321083893999448 7.7582100513391188 4.8378224885091177 40.802352082915604 9.1688436679542047 154.21839328436181 38.660752834752202 699.59718681685627 2.6084094755351543 258.88753392302897 5.8744927821680895
leaf_count=2799 1086 27 2815 2115 142 1116 340 1259 1145 386 149 1554 56 34 39656 60 4320 326 50 35 46 72 241 44 638 325 6253 27 5609 57
internal_value=-4.3291e-11 0.00284904 -0.0341228 0.00131112 0.00225488 0.01715 0.00176738 0.0068308 0.0225365 0.0153069 0.00396544 0.00470889 0.030712 0.0194932 0.000130303 -0.0198898 -0.028078 -0.0233 0.0126901 0.0455789 0.041019 -0.0559598 0.00829448 0.0338078 0.0359922 -0.00222983 0.0015641 -0.00922665 -0.0110142 0.00090586
internal_weight=6165.19 5690.18 475.004 5137.78 4772.43 552.406 4692.16 1146.32 432.249 263.483 944.231 929.993 80.2747 60.9412 3545.84 21.54 372.202 282.602 182.1 21.3581 39.4012 102.801 160.742 168.766 163.387 120.157 734.137 6.74052 365.343 119.94
internal_count=72782 62450 10332 58769 51045 3681 50707 9555 2240 1531 8296 8147 338 282 41152 94 7461 4646 1496 112 188 2871 1384 709 682 1441 6593 62 7724 1143
is_linear=0
shrinkage=0.05


Tree=3
num_leaves=31
num_cat=0
split_feature=6 20 42 7 6 5 25 7 8 42 6 7 11 27 9 42 38 24 19 7 23 19 26 16 12 15 7 19 8 24
split_gain=198.195 52.2969 25.0795 21.8425 19.4061 15.0115 13.7224 13.5378 12.752 13.6711 12.5879 11.236 11.638 11.5475 12.048 10.6344 10.0929 10.3054 9.96809 11.8386 9.83861 8.66526 9.65136 8.64703 8.19891 8.88941 11.1342 10.7737 9.08364 7.81414
threshold=-17.662433624267575 71.770848433652034 0.99265199899673473 11.8861141204834 -34.220726966857903 78.008747100830092 2.3068712623421699 10.132064819335939 0.9472222222222223 0.9981941580772401 -1.0826854705810545 10.005046844482424 0.37962962962962971 0.5216741230583205 0.8364197530864198 0.89239537636609534 -1.7187177961880804 0.10237756176272754 5.5000000000000009 8.1115379333496112 5.1148608003138163 1.0000000180025095e-35 -0.4305090248840675 6.5000000000000009 24.500000000000004 1.5000000000000002 7.2572326660156259 2.5000000000000004 0.9598765432098767 0.56504537605239935
decision_type=2 2 2 2 2 2 2 2 2 2 2 2 2 2 2 2 2 2 2 2 2 2 2 2 2 2 2 2 2 2
left_child=4 3 7 5 -1 8 -6 11 16 21 -7 12 13 14 -3 -8 17 -2 19 -16 -4 -10 29 -22 -24 26 -26 -27 -29 -23
right_child=1 2 20 -5 6 10 15 -9 9 -11 -12 -13 -14 -15 18 -17 -18 -19 -20 -21 23 22 24 -25 25 27 -28 28 -30 -31
leaf_value=-0.061613250249905618 0.02460221401063014 0.028152256236828228 0.040056374606085805 -0.010859716129719484 -0.037234779874722533 0.010108200081985676 -0.0280235379681287 -0.0081809289883577781 0.032517536940814419 0.061374030949562869 0.047791762471288142 0.076837277143386132 -0.052751699885144554 0.022306129855811589 -0.057989318410259449 -0.0033667421404028602 0.00039422136785375006 -0.028547496944869317 0.01822777867920039 0.0021597954740277701 0.027620258209278149 -0.009821857434718903 0.030796743779665622 -0.0091800588186596692 0.042464664839518142 -0.080442066111672372 -0.055499610187791218 0.027913669348207701 -0.034728216740346936 0.016254209924445272
leaf_weight=49.707857413683087 72.86694953404367 22.360276646912098 123.93193594552577 360.83977041812614 208.6314871434588 89.941848767921329 113.10660433629528 85.584333786275238 34.704530116170645 13.004015829414127 29.342526437714696 7.0186953488737336 6.4375248961150637 160.41842222958803 18.400270257145166 71.303590296767652 4138.7985024572117 10.337828039191661 14.486196415498851 14.652826532721518 58.099688284099102 35.187370121479034 9.5738442472647858 21.938400629907846 10.024590292945502 8.7311055457685125 3.9692246578633776 7.9713153503835228 20.443641923367977 155.06607058644295
leaf_count=1148 439 120 484 7983 5879 741 2281 1317 193 45 117 18 54 855 127 1024 47404 79 79 92 349 358 51 186 47 79 33 49 143 1008
internal_value=6.00597e-12 0.00257556 0.0174575 0.000988099 -0.0321864 0.00190969 -0.0284501 0.00892042 0.0014475 0.01143 0.0194102 0.0149253 0.0130582 0.0149197 -0.00203963 -0.0184968 0.000741056 0.0179723 -0.0162698 -0.0313984 0.0312317 0.00913581 0.00589085 0.0175344 -0.0114533 -0.0194075 0.0144813 -0.0321789 -0.0171189 0.0114288
internal_weight=5976.88 5534.13 533.329 5000.8 442.75 4639.96 393.042 329.359 4520.68 298.676 119.284 243.774 236.756 230.318 69.8996 184.41 4222 83.2048 47.5393 33.0531 203.97 285.672 250.967 80.0381 60.7137 51.1399 13.9938 37.1461 28.415 190.253
internal_count=72782 62450 3681 58769 10332 50786 9184 2662 49928 2006 858 1345 1327 1273 418 3305 47922 518 298 219 1019 1961 1768 535 402 351 80 271 192 1366
is_linear=0
shrinkage=0.05


Tree=4
num_leaves=31
num_cat=0
split_feature=6 8 7 3 4 24 7 4 1 10 39 4 42 38 30 31 4 42 24 42 24 1 0 39 7 25 17 27 25 25
split_gain=183.578 54.1261 31.5878 25.2229 17.2943 15.1381 15.0207 12.5221 14.9977 11.1454 11.2246 10.5301 9.65967 9.26143 9.0184 10.596 8.75866 8.20577 8.08377 8.26003 7.76608 7.13502 7.06507 12.6262 7.0319 6.70209 6.68023 6.64706 6.62028 6.49173
threshold=-20.317411422729489 0.9472222222222223 12.017807006835939 2.5534650209525052 41.144168853759773 2.951881929299716 11.610889434814455 76.936965942382827 90.646345966882578 -0.20679012345679004 1.144074638858924 64.784423828125014 0.99459061026573192 -1.7187177961880804 17.594480401631767 35.985218491675589 71.440460205078139 0.99283474752787204 1.5460902355245432 0.99918666481971752 1.5309756728200754 75.821542104432154 91.609521537064481 0.73859809673377697 1.1533374786376955 -0.40237660361933325 6.5000000000000009 2.0076564576472875 2.1283670594459694 1.9737347168148387
decision_type=2 2 2 2 2 2 2 2 2 2 2 2 2 2 2 2 2 2 2 2 2 2 2 2 2 2 2 2 2 2
left_child=4 2 5 12 -1 7 16 13 9 -9 22 -6 -3 14 -2 -16 -5 28 20 27 -15 -4 26 -24 -21 -25 -11 -20 -8 -7
right_child=1 3 21 6 11 29 17 8 -10 10 -12 -13 -14 18 15 -17 -18 -19 19 24 -22 -23 23 25 -26 -27 -28 -29 -30 -31
leaf_value=-0.053440509710272144 -0.015590249427782525 0.024970618578804497 -0.022709318575646398 0.011726609853648172 -0.030816963996757138 -0.013214692186394972 -0.030388944297335324 -0.082722552529690976 0.039974756771712354 0.01939066512732469 0.046938845758427251 0.02955826359479646 0.054428189764158058 -2.6254711489984597e-05 0.03309823941659628 -0.021427201234405061 0.030835548513756833 0.044316731786619108 0.0049784341089616595 -0.018036787090539092 -0.059813401221282064 -0.0084524142709165567 -0.086071835480759251 0.065062508481732895 0.054511311460668545 -0.030752288762154273 -0.026060330571673652 0.056463636658515261 -0.00034727702069910465 0.039821934198007392
leaf_weight=106.40630986075848 17.000096866860986 67.897329322062433 130.6805030151736 350.00098065007478 203.07063593890052 6.8332257280126205 31.913494215114042 3.4801487177610388 45.069726835936308 31.026199656538665 14.369767952710388 7.4123962372541419 47.467831758782268 3955.4766951766796 59.374761663377285 10.409147167578338 72.349684525281191 6.6683150976896277 291.40835491148755 4.1796845421195057 5.3390496913343659 267.44987791078165 6.1500728968530876 3.1160597812850028 15.738257538527249 4.126502082683146 10.825854470953344 6.3083392754197112 42.937432733364403 35.546618852764368
leaf_count=3122 127 391 3259 2298 4566 54 657 35 183 174 54 61 154 46566 315 72 292 47 2386 34 81 6817 45 15 66 31 68 45 612 155
internal_value=-1.29276e-10 0.00211623 0.000363964 0.0160473 -0.0370069 0.00155186 0.0112143 0.00127036 0.0173241 0.00332233 0.00773635 -0.0286778 0.0371278 0.000835404 0.0169966 0.0249461 0.0150065 -0.00842758 0.000507201 0.00818062 -0.000108354 -0.0131366 -0.00252705 -0.0339952 0.0392734 0.010796 0.00759978 0.00608795 -0.0131793 0.0312595
internal_weight=5860.03 5543.14 4923.91 619.235 316.889 4525.78 503.87 4483.4 118.164 73.0946 69.6145 210.483 115.365 4365.23 86.784 69.7839 422.351 81.5192 4278.45 317.635 3960.82 398.13 55.2447 13.3926 19.9179 7.24256 41.8521 297.717 74.8509 42.3798
internal_count=72782 65033 60582 4451 7749 50506 3906 50297 605 422 387 4627 545 49692 514 387 2590 1316 49178 2531 46647 10076 333 91 100 46 242 2431 1269 209
is_linear=0
shrinkage=0.05


Tree=5
num_leaves=31
num_cat=0
split_feature=7 20 7 4 4 7 8 24 3 4 38 32 9 42 23 42 40 24 19 8 4 23 7 27 1 4 10 11 42 3
split_gain=165.551 48.0619 20.9974 22.3721 18.8768 14.9356 13.0943 11.0525 10.3609 11.8447 8.12088 8.8176 8.01676 10.5662 8.48159 7.82258 7.2576 7.15397 6.07596 9.62553 10.8898 9.4423 11.1747 6.62374 6.24333 6.22044 8.22054 5.99188 6.87724 13.1025
threshold=18.717948913574222 70.95983144941718 12.017807006835939 79.550457000732436 40.861083984375007 10.132064819335939 0.95030864197530873 0.72213794330100001 3.3575706436447423 73.819885253906264 -1.8947956081537736 0.24998815901812094 0.73395061728395072 0.96131699172022833 33.1141647281489 0.99283474752787204 27.500000000000004 -0.44390892467442639 1.0000000180025095e-35 0.9648148148148149 58.996160507202156 25.875223966684917 10.627368927001955 1.2315192427767458 73.72961312583169 63.36390686035157 0.081790123456790112 0.54012345679012352 0.82627936416810621 39.537723784801322
decision_type=2 2 2 2 2 2 2 2 2 2 2 2 2 2 2 2 2 2 2 2 2 2 2 2 2 2 2 2 2 2
left_child=1 2 3 6 -2 8 10 16 -3 -10 11 -1 -6 17 -15 -7 -8 -14 19 20 -9 22 23 24 25 26 -20 28 -12 -30
right_child=4 5 -4 -5 12 15 7 18 9 -11 27 -13 13 14 -16 -17 -18 -19 21 -21 -22 -23 -24 -25 -26 -27 -28 -29 29 -31
leaf_value=0.026997847088886275 -0.050357340222541569 0.02954931011899023 -0.011492933320460801 0.030762371906928244 -0.042478090327478069 -0.0093691777411909587 -0.014263510935669389 -0.051262010592969955 0.0081451907507132746 0.033058857212356074 0.0039906788440549727 -0.032118326240409598 0.024876349465710025 0.012052138315761358 -0.052266542105252424 0.027153558903297206 0.027786575259113384 -0.028194657544515767 0.022505797760380766 0.051534633492707441 0.053056169281640697 -0.046598520657307192 -0.036908843767850939 0.036353431179093461 -0.0087767574799640681 0.040252141382082302 -0.010914947397256698 -0.016934820923537701 -0.00098410344572879681 0.057567116283230219
leaf_weight=48.535700794309378 103.97963661584072 178.05666700936854 331.33602366282139 64.480580863077193 53.846687006531283 72.741252683103085 54.851229710970074 5.6784163415431959 204.46126514812931 62.171968244016171 988.35074193589389 7.1619249004870644 6.5264533897861829 33.87974367197603 5.9362613474950185 18.255920439958572 12.520803432911633 167.42596075730398 56.550347215496004 25.890516795217991 4.3128552734851837 6.312757746083661 9.6708655813708884 38.466608311980963 26.732650301419199 24.568783765658736 27.176911649759859 50.595655166078359 3073.3926218785346 9.4846086660400015
leaf_count=287 3284 762 8547 334 2339 1141 477 38 1428 243 10535 60 87 493 144 119 78 3369 347 92 14 55 96 165 224 94 196 540 37153 41
internal_value=-5.17321e-11 0.00222094 0.000655954 0.00154386 -0.032277 0.0164341 0.00112172 0.0113426 0.0202101 0.0139646 0.000405257 0.0193524 -0.0252358 -0.0208748 0.0023558 -0.0020202 -0.00641908 -0.0261904 0.016653 0.0354993 -0.00615225 0.0130672 0.0151479 0.0180692 0.0128374 0.018176 0.0116577 0.000148763 0.000361482 -0.000802107
internal_weight=5773.35 5401.76 4866.07 4534.73 371.595 535.687 4470.25 292.733 444.69 266.633 4177.52 55.6976 267.615 213.768 39.816 90.9972 67.372 173.952 225.361 35.8818 9.99127 189.479 183.166 173.495 135.029 108.296 83.7273 4121.82 4071.23 3082.88
internal_count=72782 63066 59373 50826 9716 3693 50492 1876 2433 1671 48616 347 6432 4093 637 1260 555 3456 1321 144 52 1177 1122 1026 861 637 543 48269 47729 37194
is_linear=0
shrinkage=0.05


Tree=6
num_leaves=31
num_cat=0
split_feature=6 8 7 7 5 20 5 23 4 4 42 15 38 23 4 32 25 42 5 7 4 27 3 10 42 23 30 32 42 35
split_gain=145.852 43.8745 18.8913 16.5539 20.5616 13.1535 12.448 15.1696 9.03184 8.28119 7.69858 7.28756 7.24008 6.83398 6.69758 9.36086 6.52935 7.18523 6.29447 7.51488 6.89857 6.24985 6.15551 6.9605 7.00713 5.93725 5.69039 8.57001 6.81337 6.05037
threshold=-17.391487121582028 0.9472222222222223 29.371311187744144 10.627368927001955 78.008747100830092 69.680630988855 56.927963256835945 2.4784525441275105 49.404499053955085 68.131362915039077 0.74194077952376347 12.500000000000002 -1.8947956081537736 9.4639160803087332 75.052165985107436 -0.73459882866810877 2.3068712623421699 0.97914255924094651 72.99845123291017 9.8848772048950213 69.478683471679702 0.052059487274803036 3.3575706436447423 0.13333333333333341 0.96420985460281383 3.7720950834986682 15.041348446816587 -2.3066104750023042 0.48915996823590296 0.57974186058502974
decision_type=2 2 2 2 2 2 2 2 2 2 2 2 2 2 2 2 2 2 2 2 2 2 2 2 2 2 2 2 2 2
left_child=2 3 9 4 5 12 -3 -8 -9 16 -4 -5 13 -2 15 -6 -1 -18 19 21 -20 -10 23 -7 -25 -24 29 -28 -29 -14
right_child=1 6 10 11 14 22 7 8 18 -11 -12 -13 26 -15 -16 -17 17 -19 20 -21 -22 -23 25 24 -26 -27 27 28 -30 -31
leaf_value=-0.030634635960657849 0.024199900452917492 0.0036265576129001736 -0.057971814969985339 -0.0090872808249597824 -0.0075145337754532115 0.025353723352398397 0.039570024946779969 -0.032276889053789198 -0.032222963886505598 0.043165431666114584 -0.028209629784951021 0.032548989191753697 -0.00096125906124096836 -0.039724950483738128 0.033428472062146344 0.041634272326151932 -0.01981791376344226 0.016947914902356365 0.0074555100562274188 -0.004099234151186841 0.041914471597171182 0.018889821946279892 -0.043648656364026067 0.010387935444205866 -0.088035339944124075 0.0076559127731785793 -0.078301396207260399 -0.04092693332739572 -0.003966628258937897 0.0033696557214310538
leaf_weight=163.00356046145316 48.287574530113488 164.42917034705169 66.019532943610102 471.82417453883681 30.335931897163391 94.458259299397469 79.128981711342931 9.6347489142790419 6.0785748250782481 4.5819062553346148 32.846041079610586 10.652796122943981 2430.9924892087001 4.4866028726100913 64.045014921575785 14.117406485602258 116.80766228027642 14.916330802254377 21.816519824787974 50.929339000023901 43.654743801802397 198.55187869630754 5.7748464904725543 5.2432753555476657 2.6461381576955318 141.20468199346215 4.2618387229740611 13.576696356758474 141.59464108105749 1206.6027871225961
leaf_count=5410 310 1460 1828 9838 324 474 324 152 44 40 690 157 29974 35 335 101 2458 193 228 646 163 1218 58 34 24 1160 50 112 1399 13543
internal_value=-1.44638e-11 0.00220714 -0.0291742 0.000609827 0.00161577 0.00104684 0.0152512 0.0199136 0.0151992 -0.0229014 -0.0481224 -0.00816142 0.000325905 0.0187005 0.0230896 0.00815247 -0.0239428 -0.0156449 0.0166336 0.0130808 0.0304608 0.0173565 0.0121741 0.0215832 -0.0233123 0.00561184 7.00345e-05 -0.0091726 -0.00722474 0.000475373
internal_weight=5662.5 5264.33 398.175 4690.11 4207.63 4099.13 574.224 409.795 330.666 299.309 98.8656 482.477 3849.8 52.7742 108.498 44.4533 294.728 131.724 321.031 255.56 65.4713 204.63 249.327 102.348 7.88941 146.98 3797.03 159.433 155.171 3637.6
internal_count=72782 62163 10619 57928 47933 47173 4235 2775 2451 8101 2518 9995 45423 345 760 425 8061 2651 2299 1908 391 1262 1750 532 58 1218 45078 1561 1511 43517
is_linear=0
shrinkage=0.05


Tree=7
num_leaves=31
num_cat=0
split_feature=7 8 7 4 5 4 20 23 2 7 38 19 11 3 2 39 7 19 38 4 3 1 14 30 21 40 36 40 36 16
split_gain=135.494 39.9599 17.7087 16.065 15.1403 11.6157 9.52633 7.91341 7.23835 7.14942 7.13919 9.42745 8.60199 10.4897 10.2308 7.96548 10.546 7.7731 8.46544 10.602 8.12044 7.50122 7.47988 6.73978 8.19772 8.54919 6.68194 11.3965 7.25355 7.73482
threshold=18.717948913574222 0.9472222222222223 12.017807006835939 40.861083984375007 78.008747100830092 58.139595031738288 69.680630988855 4.0862119093190499 -15.410352689733438 10.509481430053713 -1.2540680937756707 7.5000000000000009 0.064197530864197577 0.65441745842818488 7.536682004440423 1.9310388093890363 5.9883041381835946 1.5000000000000002 -0.94310826675182813 71.697856903076186 0.65441745842818488 73.512758597087512 1.0000000180025095e-35 12.694967412169133 31.532208023034833 10.500000000000002 2.0241032802408143 43.500000000000007 0.24331576874807606 1.0000000180025095e-35
decision_type=2 2 2 2 2 2 2 2 2 2 2 2 2 2 2 2 2 2 2 2 2 2 2 2 2 2 2 2 2 2
left_child=1 2 4 -2 6 8 10 -7 -3 -6 11 12 14 -14 -1 16 -15 20 19 -19 -12 -21 -17 -13 25 -25 27 28 -22 -30
right_child=3 5 -4 -5 9 7 -8 -9 -10 -11 17 23 13 15 -16 22 -18 18 -20 21 26 -23 -24 24 -26 -27 -28 -29 29 -31
leaf_value=-0.035171716114723771 -0.047600594769679434 -0.0083686263710276258 -0.011130550400598252 -0.023568171754399129 0.023386238103925205 0.030653270048031152 0.010234274164283156 0.014784959608040577 0.011424971910044142 -0.018172762482547622 -0.020439701628960156 0.058375748611648938 0.091026124281479492 -0.022158855250995525 0.040844056523559463 -0.026123847140735151 0.02893232597970934 -0.0098446577249318191 -0.0012511515686614166 0.03399879134413001 0.0059213525327564184 -0.075592576182428206 0.02850556241665755 0.013461760259495579 0.038784733464306206 -0.069823326710178421 0.040618977754996781 -0.058208382465130326 0.0076616463852527857 -0.012717057230299278
leaf_weight=5.3208523332141366 96.540231629041955 66.604118619114161 306.96927225450054 249.89513966534287 103.07500824145973 117.39420486055315 251.96408686973155 238.49970958940685 150.14917282341048 11.428695982322095 35.054994411766529 13.77109712269157 2.7903687376528969 65.311363694723696 24.409193486208096 8.255923484452067 11.855679733678697 64.338419971056283 2584.3473146839533 1.7645267099142063 878.35713579051662 10.752331942319868 25.070148596540093 10.362110473215578 18.536251146346331 4.2711950931698075 12.201399743556975 7.3173456517979494 76.483185547869653 118.7173261763528
leaf_count=72 3284 754 8462 6432 745 523 1917 1723 1098 176 485 48 5 684 171 77 129 961 31480 9 10714 122 150 53 109 36 58 94 774 1437
internal_value=-9.5844e-12 0.00200787 0.000473781 -0.030277 0.00129371 0.01447 0.000807993 0.0200264 0.00534173 0.019226 0.00021089 0.00966736 0.00327822 -0.00300957 0.027167 -0.00546449 -0.0142821 -0.000263393 -0.00173782 -0.0180798 0.00321456 -0.0599962 0.0149345 0.0290847 0.016785 -0.0111566 0.00397495 0.00355757 0.00398395 -0.00473247
internal_weight=5571.81 5225.37 4652.73 346.435 4345.76 572.647 4231.25 355.894 216.753 114.504 3979.29 189.954 143.014 113.283 29.73 110.493 77.167 3789.33 2661.2 76.8553 1128.13 12.5169 33.3261 46.9407 33.1696 14.6333 1093.08 1080.87 1073.56 195.201
internal_count=72782 63066 58968 9716 50506 4098 49585 2246 1852 921 47668 1534 1288 1045 243 1040 813 46134 32572 1092 13562 131 227 246 198 89 13077 13019 12925 2211
is_linear=0
shrinkage=0.05


Tree=8
num_leaves=31
num_cat=0
split_feature=6 8 7 5 4 7 5 38 24 19 15 8 0 42 22 20 9 3 23 19 12 3 11 25 6 35 35 28 28 27
split_gain=119.439 32.6349 20.6493 16.2737 11.9843 11.8065 10.8242 10.5134 9.97361 9.25862 8.13214 12.3301 8.09516 7.94976 7.72922 7.19563 8.69159 7.1896 6.8987 8.27772 6.76718 6.50878 7.70431 6.96896 9.05244 6.49011 10.3972 8.58641 7.6117 7.56959
threshold=-20.317411422729489 0.95370370370370383 10.627368927001955 78.008747100830092 46.820323944091804 12.017807006835939 56.927963256835945 -1.2540680937756707 1.8740428925723482 1.5000000000000002 5.5000000000000009 0.11697530864197532 84.736026299422747 0.99918666481971752 -42.941148387241832 72.697013101822293 0.98549382716049394 0.27180344673929119 2.4784525441275105 10.500000000000002 32.500000000000007 3.3575706436447423 0.12037037037037042 2.150200330934918 -2.4841384887695308 1.4411734547928392 1.0715644143829202 30.454236059306503 37.205326566745988 2.8819368972008492
decision_type=2 2 2 2 2 2 2 2 2 2 2 2 2 2 2 2 2 2 2 2 2 2 2 2 2 2 2 2 2 2
left_child=4 2 3 7 -1 6 20 -2 9 10 15 -12 -6 17 -11 16 25 -10 -8 -20 -3 22 -19 24 -23 26 29 -28 -29 -9
right_child=1 5 -4 -5 12 -7 18 8 13 14 11 -13 -14 -15 -16 -17 -18 21 19 -21 -22 23 -24 -25 -26 -27 27 28 -30 -31
leaf_value=-0.041611679055863202 0.01340665214156813 0.0075637798090296459 -0.0089927474382048289 0.021067989818614692 -0.022804100307185719 -0.0056677313428969405 0.034695535916646626 0.0049331680017565315 -0.053207453881256778 -0.064306309833336017 0.046781507624766405 -0.01845951448650086 0.055464330215247507 0.04896837773070236 -0.0018060456946595235 0.038001135598543657 -0.050320009634512455 0.035227963833298577 0.016036060634313103 0.080511480076177699 -0.032896390403263913 0.019105523516314792 0.00096081189675606502 0.016052013819476584 -0.021968083089933435 0.017847278447454658 0.045178644223995749 -0.083221300737432308 -0.014306426630117606 -0.045998711252389801
leaf_weight=148.73508278164081 165.19791776384227 112.6768818446435 521.77766585949576 104.12301599606872 125.76517199527007 69.397259585792199 73.500475939363241 1039.1995759522542 4.4749275147914878 4.8571653366088858 7.940228126011788 73.20264953142032 3.3001021165400735 13.034917902201412 2354.7464996029157 15.544993398711084 7.25452747195959 43.36293114349246 252.48794220387936 4.985669679939746 11.278236273676155 19.779755812138319 26.354747529141605 53.660090951249003 41.19107164721936 81.198333763983101 5.6671261172741643 4.1441533025354138 73.802529339212924 7.2475177878513923
leaf_count=4415 1491 789 12802 761 3308 1205 265 10668 38 67 52 815 26 55 31285 93 77 220 1608 13 103 174 185 421 409 591 34 45 697 70
internal_value=-2.63864e-11 0.00170929 0.000380588 0.00156042 -0.0319357 0.0135356 0.0164655 0.00105738 0.0005308 -6.37307e-05 0.00329775 -0.0120256 -0.0207614 0.0113488 -0.00193742 0.0043062 0.00387326 0.00872731 0.0211843 0.0173153 0.0038589 0.0102588 0.0222942 0.00292585 -0.00863379 0.00420196 0.00322001 -0.0137365 -0.0180723 0.00457606
internal_weight=5469.89 5192.09 4667.76 4145.98 277.8 524.326 454.929 4041.86 3876.66 3674.81 1315.2 81.1429 129.065 201.858 2359.6 1234.06 1218.51 188.824 330.974 257.474 123.955 184.349 69.7177 114.631 60.9708 1211.26 1130.06 83.6138 77.9467 1046.45
internal_count=72782 65033 61050 48248 7749 3983 2778 47487 45996 44494 13142 867 3334 1502 31352 12275 12182 1447 1886 1621 892 1409 405 1004 583 12105 11514 776 742 10738
is_linear=0
shrinkage=0.05


end of trees

feature_importances:
candidate_predicted_next_overall_score=29
abs_diff_predicted_next_overall_score=29
candidate_retrieval_similarity=18
diff_predicted_next_overall_score=13
candidate_ops_z=13
candidate_g_ratio=12
abs_diff_overall_score=11
target_predicted_next_overall_score=11
candidate_off_score=10
abs_diff_off_score=10
target_ops_z=9
abs_diff_ops_z=9
target_g_ratio=8
abs_diff_exp=8
diff_whip_z=8
target_overall_score=5
diff_overall_score=5
abs_diff_era_z=5
abs_diff_whip_z=5
abs_diff_g_ratio=4
candidate_exp=4
diff_off_score=4
candidate_era_z=4
candidate_team_player_rank=4
candidate_overall_score=3
diff_g_ratio=3
candidate_age=3
abs_diff_age=3
candidate_pit_score=3
diff_pit_score=3
diff_age=2
diff_exp=2
target_off_score=2
abs_diff_pit_score=2
candidate_whip_z=2
target_age=1
target_exp=1
diff_ops_z=1
target_pit_score=1

parameters:
[boosting: gbdt]
[objective: lambdarank]
[metric: ndcg]
[tree_learner: serial]
[device_type: cpu]
[data_sample_strategy: bagging]
[data: ]
[valid: ]
[num_iterations: 9]
[learning_rate: 0.05]
[num_leaves: 31]
[num_threads: 6]
[seed: 42]
[deterministic: 0]
[force_col_wise: 0]
[force_row_wise: 0]
[histogram_pool_size: -1]
[max_depth: -1]
[min_data_in_leaf: 20]
[min_sum_hessian_in_leaf: 0.001]
[bagging_fraction: 0.85]
[pos_bagging_fraction: 1]
[neg_bagging_fraction: 1]
[bagging_freq: 0]
[bagging_seed: 400]
[bagging_by_query: 0]
[feature_fraction: 0.85]
[feature_fraction_bynode: 1]
[feature_fraction_seed: 30056]
[extra_trees: 0]
[extra_seed: 12879]
[early_stopping_round: 0]
[early_stopping_min_delta: 0]
[first_metric_only: 0]
[max_delta_step: 0]
[lambda_l1: 0]
[lambda_l2: 0.1]
[linear_lambda: 0]
[min_gain_to_split: 0]
[drop_rate: 0.1]
[max_drop: 50]
[skip_drop: 0.5]
[xgboost_dart_mode: 0]
[uniform_drop: 0]
[drop_seed: 17869]
[top_rate: 0.2]
[other_rate: 0.1]
[min_data_per_group: 100]
[max_cat_threshold: 32]
[cat_l2: 10]
[cat_smooth: 10]
[max_cat_to_onehot: 4]
[top_k: 20]
[monotone_constraints: ]
[monotone_constraints_method: basic]
[monotone_penalty: 0]
[feature_contri: ]
[forcedsplits_filename: ]
[refit_decay_rate: 0.9]
[cegb_tradeoff: 1]
[cegb_penalty_split: 0]
[cegb_penalty_feature_lazy: ]
[cegb_penalty_feature_coupled: ]
[path_smooth: 0]
[interaction_constraints: ]
[verbosity: -1]
[saved_feature_importance_type: 0]
[use_quantized_grad: 0]
[num_grad_quant_bins: 4]
[quant_train_renew_leaf: 0]
[stochastic_rounding: 1]
[linear_tree: 0]
[max_bin: 255]
[max_bin_by_feature: ]
[min_data_in_bin: 3]
[bin_construct_sample_cnt: 200000]
[data_random_seed: 175]
[is_enable_sparse: 1]
[enable_bundle: 1]
[use_missing: 1]
[zero_as_missing: 0]
[feature_pre_filter: 1]
[pre_partition: 0]
[two_round: 0]
[header: 0]
[label_column: ]
[weight_column: ]
[group_column: ]
[ignore_column: ]
[categorical_feature: ]
[forcedbins_filename: ]
[precise_float_parser: 0]
[parser_config_file: ]
[objective_seed: 16083]
[num_class: 1]
[is_unbalance: 0]
[scale_pos_weight: 1]
[sigmoid: 1]
[boost_from_average: 1]
[reg_sqrt: 0]
[alpha: 0.9]
[fair_c: 1]
[poisson_max_delta_step: 0.7]
[tweedie_variance_power: 1.5]
[lambdarank_truncation_level: 30]
[lambdarank_norm: 1]
[label_gain: 0,1,3,7,15,31]
[lambdarank_position_bias_regularization: 0]
[eval_at: 1,2,3,4,5]
[multi_error_top_k: 1]
[auc_mu_weights: ]
[num_machines: 1]
[local_listen_port: 12400]
[time_out: 120]
[machine_list_filename: ]
[machines: ]
[gpu_platform_id: -1]
[gpu_device_id: -1]
[gpu_device_id_list: ]
[gpu_use_dp: 0]
[num_gpu: 1]

end of parameters

pandas_categorical:[]
